0.000000000000000000e+00
5.762386816973663563e-05
1.157197415017368778e-04
1.742914324199214054e-04
2.333427832497513422e-04
2.928776664389302268e-04
3.528999847772732335e-04
4.134136716187417483e-04
4.744226911078086280e-04
5.359310384013260802e-04
5.979427398975561622e-04
6.604618534630359115e-04
7.234924686622736531e-04
7.870387069882787880e-04
8.511047220947569152e-04
9.156947000293042633e-04
9.808128594696004839e-04
1.046463451958102534e-03
1.112650762140902222e-03
1.179379108006251660e-03
1.246652841125585201e-03
1.314476346895043909e-03
1.382854044779162784e-03
1.451790388556224850e-03
1.521289866563449574e-03
1.591357001945510434e-03
1.661996352902554404e-03
1.733212512942552616e-03
1.805010111131649577e-03
1.877393812348181115e-03
1.950368317537686533e-03
2.023938363968259477e-03
2.098108725490224324e-03
2.172884212792818015e-03
2.248269673667034271e-03
2.324269993265633705e-03
2.400890094368487125e-03
2.478134937646252634e-03
2.556009521927381668e-03
2.634518884465628097e-03
2.713668101209219200e-03
2.793462287072031539e-03
2.873906596205091230e-03
2.955006222270914820e-03
3.036766398718176302e-03
3.119192399057712020e-03
3.202289537141351887e-03
3.286063167440589697e-03
3.370518685327914075e-03
3.455661527358474226e-03
3.541497171553911923e-03
3.628031137688190588e-03
3.715268987573426118e-03
3.803216325347381303e-03
3.891878797763627384e-03
3.981262094483037015e-03
4.071371948364111044e-03
4.162214135758303055e-03
4.253794476804179450e-03
4.346118835724572388e-03
4.439193121123573109e-03
4.533023286286684203e-03
4.627615329481308409e-03
4.722975294257903550e-03
4.819109269755134269e-03
4.916023391002687960e-03
5.013723839229266253e-03
5.112216842169559072e-03
5.211508674372402651e-03
5.311605657511924740e-03
5.412514160699356813e-03
5.514240600795020618e-03
5.616791442723466712e-03
5.720173199789127354e-03
5.824392433992289439e-03
5.929455756348908126e-03
6.035369827208914711e-03
6.142141356577193387e-03
6.249777104436056788e-03
6.358283881068885549e-03
6.467668547384100922e-03
6.577938015241309271e-03
6.689099247778600155e-03
6.801159259740856625e-03
6.914125117808723846e-03
7.028003940930910992e-03
7.142802900653828606e-03
7.258529221456892430e-03
7.375190181085817566e-03
7.492793110887427041e-03
7.611345396147613240e-03
7.730854476428138805e-03
7.851327845905101133e-03
7.972773053709730079e-03
8.095197704268516925e-03
8.218609457645350419e-03
8.343016029885136006e-03
8.468425193356601474e-03
8.594844777098251121e-03
8.722282667164328596e-03
8.850746806971111075e-03
8.980245197645201835e-03
9.110785898372490699e-03
9.242377026747608873e-03
9.375026759124226866e-03
9.508743330966672527e-03
9.643535037202886559e-03
9.779410232575724837e-03
9.916377331998731115e-03
1.005444481090943774e-02
1.019362120562498572e-02
1.033391511369757473e-02
1.047533519427325428e-02
1.061789016844587839e-02
1.076158881961822647e-02
1.090643999385828601e-02
1.105245260025970906e-02
1.119963561130093120e-02
1.134799806320512146e-02
1.149754905630097357e-02
1.164829775538431603e-02
1.180025339007823547e-02
1.195342525519636420e-02
1.210782271110365758e-02
1.226345518407984982e-02
1.242033216668240320e-02
1.257846321810779551e-02
1.273785796455646074e-02
1.289852609959558916e-02
1.306047738452189265e-02
1.322372164872590364e-02
1.338826879005458256e-02
1.355412877517627422e-02
1.372131163994248608e-02
1.388982748975267807e-02
1.405968649991654225e-02
1.423089891601728336e-02
1.440347505427474681e-02
1.457742530190819438e-02
1.475276011749709036e-02
1.492949003134472034e-02
1.510762564583881251e-02
1.528717763581247981e-02
1.546815674890418719e-02
1.565057380591885691e-02
1.583443970118615998e-02
1.601976540291847120e-02
1.620656195357049120e-02
1.639484047019435994e-02
1.658461214479728385e-02
1.677588824469532572e-02
1.696868011286885303e-02
1.716299916831483252e-02
1.735885690639963133e-02
1.755626489920944847e-02
1.775523479590063874e-02
1.795577832304697669e-02
1.815790728498830470e-02
1.836163356417431017e-02
1.856696912151050566e-02
1.877392599669950798e-02
1.898251630858217853e-02
1.919275225547692129e-02
1.940464611551730861e-02
1.961821024698772245e-02
1.983345708865615065e-02
2.005039916010632750e-02
2.026904906206753593e-02
2.048941947674107547e-02
2.071152316812623767e-02
2.093537298234212501e-02
2.116098184794826947e-02
2.138836277626313120e-02
2.161752886167757695e-02
2.184849328196884766e-02
2.208126929860937740e-02
2.231587025707429395e-02
2.255230958714438474e-02
2.279060080320742185e-02
2.303075750455566006e-02
2.327279337567999054e-02
2.351672218656143329e-02
2.376255779295812984e-02
2.401031413668917869e-02
2.426000524591563970e-02
2.451164523541702472e-02
2.476524830686247305e-02
2.502082874908177074e-02
2.527840093832833465e-02
2.553797933853958063e-02
2.579957850159442928e-02
2.606321306756281819e-02
2.632889776495406231e-02
2.659664741096020094e-02
2.686647691169070928e-02
2.713840126240833067e-02
2.741243554775496180e-02
2.768859494197418655e-02
2.796689470912947298e-02
2.824735020331504282e-02
2.852997686886309808e-02
2.881479024054301591e-02
2.910180594375709126e-02
2.939103969472988895e-02
2.968250730068967488e-02
2.997622466004560768e-02
3.027220776255833481e-02
3.057047268950236971e-02
3.087103561382502012e-02
3.117391280029477990e-02
3.147912060564526243e-02
3.178667547871175808e-02
3.209659396055953434e-02
3.240889268460588057e-02
3.272358837673408627e-02
3.304069785539850979e-02
3.336023803172485924e-02
3.368222590959899648e-02
3.400667858575018992e-02
3.433361324982343171e-02
3.466304718444636335e-02
3.499499776528479378e-02
3.532948246109077900e-02
3.566651883374098025e-02
3.600612453826579351e-02
3.634831732287098494e-02
3.669311502894521959e-02
3.704053559106405824e-02
3.739059703697826531e-02
3.774331748759534449e-02
3.809871515695038152e-02
3.845680835216440385e-02
3.881761547339526025e-02
3.918115501377462256e-02
3.954744555933588368e-02
3.991650578892971812e-02
4.028835447412812409e-02
4.066301047911880656e-02
4.104049276058410745e-02
4.142082036757125524e-02
4.180401244134841071e-02
4.219008821524880548e-02
4.257906701450197423e-02
4.297096825605305204e-02
4.336581144836670204e-02
4.376361619122044050e-02
4.416440217548323055e-02
4.456818918287913656e-02
4.497499708573815536e-02
4.538484584673433547e-02
4.579775551860583438e-02
4.621374624386417884e-02
4.663283825448520659e-02
4.705505187158767061e-02
4.748040750509451013e-02
4.790892565338000786e-02
4.834062690290039099e-02
4.877553192780851449e-02
4.921366148955147457e-02
4.965503643645331755e-02
5.009967770328017239e-02
5.054760631078782096e-02
5.099884336525282308e-02
5.145341005798531597e-02
5.191132766482562527e-02
5.237261754562092669e-02
5.283730114368523356e-02
5.330539998523955297e-02
5.377693567883540249e-02
5.425192991475599746e-02
5.473040446440195772e-02
5.521238117965483055e-02
5.569788199222135139e-02
5.618692891295947595e-02
5.667954403118097978e-02
5.717574951393671057e-02
5.767556760527920573e-02
5.817902062550361908e-02
5.868613097037055082e-02
5.919692111030298159e-02
5.971141358956481154e-02
6.022963102541566138e-02
6.075159610724323311e-02
6.127733159567416016e-02
6.180686032166125138e-02
6.234020518554650447e-02
6.287738915610253942e-02
6.341843526955034949e-02
6.396336662855003907e-02
6.451220640117247274e-02
6.506497781984088569e-02
6.562170418025203844e-02
6.618240884026950488e-02
6.674711521879457543e-02
6.731584679460803078e-02
6.788862710518878130e-02
6.846547974550512561e-02
6.904642836678095974e-02
6.963149667523391151e-02
7.022070843078664915e-02
7.081408744575268255e-02
7.141165758349229953e-02
7.201344275704392450e-02
7.261946692772454359e-02
7.322975410370297089e-02
7.384432833854630285e-02
7.446321372973468966e-02
7.508643441715022460e-02
7.571401458153452502e-02
7.634597844291711455e-02
7.698235025901549455e-02
7.762315432360350487e-02
7.826841496485117955e-02
7.891815654363178167e-02
7.957240345180210950e-02
8.023118011044709508e-02
8.089451096809750774e-02
8.156242049891350432e-02
8.223493320083828662e-02
8.291207359371866037e-02
8.359386621739421652e-02
8.428033562975499604e-02
8.497150640476526517e-02
8.566740313045542732e-02
8.636805040688093349e-02
8.707347284404862164e-02
8.778369505980830600e-02
8.849874167771311362e-02
8.921863732484389131e-02
8.994340662960186028e-02
9.067307421946511903e-02
9.140766471871336618e-02
9.214720274611604145e-02
9.289171291258746521e-02
9.364121981880649259e-02
9.439574805280206982e-02
9.515532218750274995e-02
9.591996677825224971e-02
9.668970636028886845e-02
9.746456544619076789e-02
9.824456852328362910e-02
9.902974005101536359e-02
9.982010445829309075e-02
1.006156861407848380e-01
1.014165094581860743e-01
1.022225987314493018e-01
1.030339782399785770e-01
1.038506722187867160e-01
1.046727048556173323e-01
1.055001002880307098e-01
1.063328826004520944e-01
1.071710758211851661e-01
1.080147039193889019e-01
1.088637908020173434e-01
1.097183603107231842e-01
1.105784362187270525e-01
1.114440422276466169e-01
1.123152019642931349e-01
1.131919389774292545e-01
1.140742767344922054e-01
1.149622386182797273e-01
1.158558479236004440e-01
1.167551278538888349e-01
1.176601015177824727e-01
1.185707919256650394e-01
1.194872219861736057e-01
1.204094145026697038e-01
1.213373921696751789e-01
1.222711775692723879e-01
1.232107931674708140e-01
1.241562613105362950e-01
1.251076042212873607e-01
1.260648439953575284e-01
1.270280025974205307e-01
1.279971018573842212e-01
1.289721634665501604e-01
1.299532089737377993e-01
1.309402597813771052e-01
1.319333371415681855e-01
1.329324621521075223e-01
1.339376557524815659e-01
1.349489387198297419e-01
1.359663316648735132e-01
1.369898550278159099e-01
1.380195290742101399e-01
1.390553738907959191e-01
1.400974093813080745e-01
1.411456552622522842e-01
1.422001310586560596e-01
1.432608560997855052e-01
1.443278495148388463e-01
1.454011302286080387e-01
1.464807169571166467e-01
1.475666282032274124e-01
1.486588822522271480e-01
1.497574971673826805e-01
1.508624907854745900e-01
1.519738807123040547e-01
1.530916843181783782e-01
1.542159187333705384e-01
1.553466008435587520e-01
1.564837472852428080e-01
1.576273744411391953e-01
1.587774984355568020e-01
1.599341351297512426e-01
1.610973001172625874e-01
1.622670087192330524e-01
1.634432759797076196e-01
1.646261166609187809e-01
1.658155452385549067e-01
1.670115758970142361e-01
1.682142225246444078e-01
1.694234987089691391e-01
1.706394177319030536e-01
1.718619925649539637e-01
1.730912358644169369e-01
1.743271599665562333e-01
1.755697768827818861e-01
1.768190982948164847e-01
1.780751355498567112e-01
1.793378996557304095e-01
1.806074012760470193e-01
1.818836507253470403e-01
1.831666579642492743e-01
1.844564325945951266e-01
1.857529838545964318e-01
1.870563206139814194e-01
1.883664513691456488e-01
1.896833842383048863e-01
1.910071269566546437e-01
1.923376868715345467e-01
1.936750709376012791e-01
1.950192857120086332e-01
1.963703373496003546e-01
1.977282315981107597e-01
1.990929737933815891e-01
2.004645688545898807e-01
2.018430212794932177e-01
2.032283351396908244e-01
2.046205140759024266e-01
2.060195612932678444e-01
2.074254795566665144e-01
2.088382711860595486e-01
2.102579380518558583e-01
2.116844815703037008e-01
2.131179026989085956e-01
2.145582019318798550e-01
2.160053792956067586e-01
2.174594343441658140e-01
2.189203661548617119e-01
2.203881733238012286e-01
2.218628539615049577e-01
2.233444056885546813e-01
2.248328256312808193e-01
2.263281104174910130e-01
2.278302561722398700e-01
2.293392585136433404e-01
2.308551125487382782e-01
2.323778128693899936e-01
2.339073535482471822e-01
2.354437281347481203e-01
2.369869296511793733e-01
2.385369505887874886e-01
2.400937829039455351e-01
2.416574180143788442e-01
2.432278467954465673e-01
2.448050595764868220e-01
2.463890461372205964e-01
2.479797957042222112e-01
2.495772969474532588e-01
2.511815379768649326e-01
2.527925063390684679e-01
2.544101890140756939e-01
2.560345724121129707e-01
2.576656423705073751e-01
2.593033841506494075e-01
2.609477824350329156e-01
2.625988213243724001e-01
2.642564843348027548e-01
2.659207543951592756e-01
2.675916138443432124e-01
2.692690444287700324e-01
2.709530272999083889e-01
2.726435430119030778e-01
2.743405715192934191e-01
2.760440921748178456e-01
2.777540837273166918e-01
2.794705243197269096e-01
2.811933914871740936e-01
2.829226621551631515e-01
2.846583126378673945e-01
2.864003186365187137e-01
2.881486552379015631e-01
2.899032969129488047e-01
2.916642175154454675e-01
2.934313902808364793e-01
2.952047878251446988e-01
2.969843821439979159e-01
2.987701446117661530e-01
3.005620459808125422e-01
3.023600563808560571e-01
3.041641453184504851e-01
3.059742816765793627e-01
3.077904337143664293e-01
3.096125690669074837e-01
3.114406547452191476e-01
3.132746571363106969e-01
3.151145420033752975e-01
3.169602744861065857e-01
3.188118191011375946e-01
3.206691397426052470e-01
3.225321996828412474e-01
3.244009615731878182e-01
3.262753874449443869e-01
3.281554387104397841e-01
3.300410761642353918e-01
3.319322599844581889e-01
3.338289497342647461e-01
3.357311043634365610e-01
3.376386822101074547e-01
3.395516410026244158e-01
3.414699378615408953e-01
3.433935293017454926e-01
3.453223712347227581e-01
3.472564189709509974e-01
3.491956272224340796e-01
3.511399501053685812e-01
3.530893411429474327e-01
3.550437532682993447e-01
3.570031388275637374e-01
3.589674495831033374e-01
3.609366367168517775e-01
3.629106508337985870e-01
3.648894419656103505e-01
3.668729595743885352e-01
3.688611525565625993e-01
3.708539692469208782e-01
3.728513574227751426e-01
3.748532643082635452e-01
3.768596365787857949e-01
3.788704203655759994e-01
3.808855612604075125e-01
3.829050043204341169e-01
3.849286940731627138e-01
3.869565745215597374e-01
3.889885891492899095e-01
3.910246809260857215e-01
3.930647923132487565e-01
3.951088652692798520e-01
3.971568412556384930e-01
3.992086612426312686e-01
4.012642657154261716e-01
4.033235946801940197e-01
4.053865876703738325e-01
4.074531837530633305e-01
4.095233215355314482e-01
4.115969391718521941e-01
4.136739743696583038e-01
4.157543643970153524e-01
4.178380460894107751e-01
4.199249558568611818e-01
4.220150296911320265e-01
4.241082031730714075e-01
4.262044114800552785e-01
4.283035893935405181e-01
4.304056713067281326e-01
4.325105912323306545e-01
4.346182828104445117e-01
4.367286793165256475e-01
4.388417136694636178e-01
4.409573184397561074e-01
4.430754258577795368e-01
4.451959678221529826e-01
4.473188759081961896e-01
4.494440813764768450e-01
4.515715151814456707e-01
4.537011079801586133e-01
4.558327901410811345e-01
4.579664917529748802e-01
4.601021426338628428e-01
4.622396723400712393e-01
4.643790101753454969e-01
4.665200852000375709e-01
4.686628262403635392e-01
4.708071618977267558e-01
4.729530205581058966e-01
4.751003304015036788e-01
4.772490194114561435e-01
4.793990153845966162e-01
4.815502459402741242e-01
4.837026385302228837e-01
4.858561204482790274e-01
4.880106188401444611e-01
4.901660607131921310e-01
4.923223729463112042e-01
4.944794822997906070e-01
4.966373154252353150e-01
4.987957988755153393e-01
5.009548591147422458e-01
5.031144225282726534e-01
5.052744154327332149e-01
5.074347640860665809e-01
5.095953946975935178e-01
5.117562334380906242e-01
5.139172064498770398e-01
5.160782398569113694e-01
5.182392597748928242e-01
5.204001923213654734e-01
5.225609636258216062e-01
5.247214998398013197e-01
5.268817271469860009e-01
5.290415717732830370e-01
5.312009599968972040e-01
5.333598181583875109e-01
5.355180726707058358e-01
5.376756500292145802e-01
5.398324768216804515e-01
5.419884797382413799e-01
5.441435855813437916e-01
5.462977212756471301e-01
5.484508138778939612e-01
5.506027905867412198e-01
5.527535787525499344e-01
5.549031058871325417e-01
5.570512996734527933e-01
5.591980879752767031e-01
5.613433988467718683e-01
5.634871605420509466e-01
5.656293015246599554e-01
5.677697504770041759e-01
5.699084363097144390e-01
5.720452881709444659e-01
5.741802354556049259e-01
5.763132078145241088e-01
5.784441351635373207e-01
5.805729476925010069e-01
5.826995758742296028e-01
5.848239504733521166e-01
5.869460025550872206e-01
5.890656634939334113e-01
5.911828649822726822e-01
5.932975390388848247e-01
5.954096180173722441e-01
5.975190346144890752e-01
5.996257218783781484e-01
6.017296132167075928e-01
6.038306424047104048e-01
6.059287435931218768e-01
6.080238513160144409e-01
6.101159004985263756e-01
6.122048264644860405e-01
6.142905649439250881e-01
6.163730520804829860e-01
6.184522244387004042e-01
6.205280190111964744e-01
6.226003732257345824e-01
6.246692249521684781e-01
6.267345125092733671e-01
6.287961746714555433e-01
6.308541506753417849e-01
6.329083802262487346e-01
6.349588035045259371e-01
6.370053611717777509e-01
6.390479943769578064e-01
6.410866447623372322e-01
6.431212544693465372e-01
6.451517661442877083e-01
6.471781229439176331e-01
6.492002685409009599e-01
6.512181471291323964e-01
6.532317034289266688e-01
6.552408826920770313e-01
6.572456307067789938e-01
6.592458938024227111e-01
6.612416188542488138e-01
6.632327532878719012e-01
6.652192450836669213e-01
6.672010427810214361e-01
6.691780954824521066e-01
6.711503528575847310e-01
6.731177651469981704e-01
6.750802831659323822e-01
6.770378583078594525e-01
6.789904425479186267e-01
6.809379884462154475e-01
6.828804491509823382e-01
6.848177784016056258e-01
6.867499305315145630e-01
6.886768604709353481e-01
6.905985237495086970e-01
6.925148764987727468e-01
6.944258754545107326e-01
6.963314779589634407e-01
6.982316419629089888e-01
7.001263260276068268e-01
7.020154893266101759e-01
7.038990916474451298e-01
7.057770933931581947e-01
7.076494555837320455e-01
7.095161398573710532e-01
7.113771084716565829e-01
7.132323243045736172e-01
7.150817508554089263e-01
7.169253522455216743e-01
7.187630932189875699e-01
7.205949391431178963e-01
7.224208560088531961e-01
7.242408104310338324e-01
7.260547696485485369e-01
7.278627015243596121e-01
7.296645745454106713e-01
7.314603578224121438e-01
7.332500210895108728e-01
7.350335347038419176e-01
7.368108696449651163e-01
7.385819975141862948e-01
7.403468905337677874e-01
7.421055215460239385e-01
7.438578640123089114e-01
7.456038920118939206e-01
7.473435802407371042e-01
7.490769040101479259e-01
7.508038392453449950e-01
7.525243624839124124e-01
7.542384508741526439e-01
7.559460821733400282e-01
7.576472347458745871e-01
7.593418875613386909e-01
7.610300201924580232e-01
7.627116128129680650e-01
7.643866461953875424e-01
7.660551017087011694e-01
7.677169613159522399e-01
7.693722075717478459e-01
7.710208236196773868e-01
7.726627931896460355e-01
7.742981005951254936e-01
7.759267307303235883e-01
7.775486690672730461e-01
7.791639016528431050e-01
7.807724151056736339e-01
7.823741966130354220e-01
7.839692339276163047e-01
7.855575153642370134e-01
7.871390297964956373e-01
7.887137666533452496e-01
7.902817159156042548e-01
7.918428681124021207e-01
7.933972143175623826e-01
7.949447461459238085e-01
7.964854557496018339e-01
7.980193358141910442e-01
7.995463795549138108e-01
8.010665807127107518e-01
8.025799335502806775e-01
8.040864328480675782e-01
8.055860739001984294e-01
8.070788525103730349e-01
8.085647649877062415e-01
8.100438081425267445e-01
8.115159792821311502e-01
8.129812762064972942e-01
8.144396972039565918e-01
8.158912410468293075e-01
8.173359069870210769e-01
8.187736947515856789e-01
8.202046045382519468e-01
8.216286370109213699e-01
8.230457932951321665e-01
8.244560749734949345e-01
8.258594840811018800e-01
8.272560231009080667e-01
8.286456949590885745e-01
8.300285030203724546e-01
8.314044510833552559e-01
8.327735433757894601e-01
8.341357845498582613e-01
8.354911796774298072e-01
8.368397342452962295e-01
8.381814541503971316e-01
8.395163456950307523e-01
8.408444155820512522e-01
8.421656709100570071e-01
8.434801191685671329e-01
8.447877682331925708e-01
8.460886263607976243e-01
8.473827021846562779e-01
8.486700047096059629e-01
8.499505433071948834e-01
8.512243277108297868e-01
8.524913680109210690e-01
8.537516746500295461e-01
8.550052584180132254e-01
8.562521304471767403e-01
8.574923022074257828e-01
8.587257855014238661e-01
8.599525924597565263e-01
8.611727355361018521e-01
8.623862275024077872e-01
8.635930814440792025e-01
8.647933107551750709e-01
8.659869291336147468e-01
8.671739505763969014e-01
8.683543893748313369e-01
8.695282601097832353e-01
8.706955776469322839e-01
8.718563571320472327e-01
8.730106139862764403e-01
8.741583639014537388e-01
8.752996228354247288e-01
8.764344070073893933e-01
8.775627328932644744e-01
8.786846172210662775e-01
8.798000769663134601e-01
8.809091293474512474e-01
8.820117918212992958e-01
8.831080820785198737e-01
8.841980180391108002e-01
8.852816178479231413e-01
8.863588998702016664e-01
8.874298826871525048e-01
8.884945850915354493e-01
8.895530260832827940e-01
8.906052248651455949e-01
8.916512008383679078e-01
8.926909735983867833e-01
8.937245629305636818e-01
8.947519888059423110e-01
8.957732713770385491e-01
8.967884309736566806e-01
8.977974880987399375e-01
8.988004634242482416e-01
8.997973777870699186e-01
9.007882521849621682e-01
9.017731077725261724e-01
9.027519658572111805e-01
9.037248478953547881e-01
9.046917754882524143e-01
9.056527703782633054e-01
9.066078544449462928e-01
9.075570497012329652e-01
9.085003782896318159e-01
9.094378624784682508e-01
9.103695246581580136e-01
9.112953873375165825e-01
9.122154731401012073e-01
9.131298048005902501e-01
9.140384051611963878e-01
9.149412971681152307e-01
9.158385038680093571e-01
9.167300484045290965e-01
9.176159540148672855e-01
9.184962440263512162e-01
9.193709418530696675e-01
9.202400709925371292e-01
9.211036550223923314e-01
9.219617175971349665e-01
9.228142824448969384e-01
9.236613733642510260e-01
9.245030142210550750e-01
9.253392289453333808e-01
9.261700415281933774e-01
9.269954760187794074e-01
9.278155565212622413e-01
9.286303071918663443e-01
9.294397522359305608e-01
9.302439159050083228e-01
9.310428224940019426e-01
9.318364963383337640e-01
9.326249618111535078e-01
9.334082433205806995e-01
9.341863653069850670e-01
9.349593522402999124e-01
9.357272286173746734e-01
9.364900189593592383e-01
9.372477478091278957e-01
9.380004397287357021e-01
9.387481192969104882e-01
9.394908111065828349e-01
9.402285397624463581e-01
9.409613298785580726e-01
9.416892060759690652e-01
9.424121929803932485e-01
9.431303152199077555e-01
9.438435974226896397e-01
9.445520642147861023e-01
9.452557402179176949e-01
9.459546500473171582e-01
9.466488183096000153e-01
9.473382696006698023e-01
9.480230285036556070e-01
9.487031195868833588e-01
9.493785674018795362e-01
9.500493964814072934e-01
9.507156313375353385e-01
9.513772964597390080e-01
9.520344163130324278e-01
9.526870153361339799e-01
9.533351179396611919e-01
9.539787485043594861e-01
9.546179313793590193e-01
9.552526908804647165e-01
9.558830512884761710e-01
9.565090368475368532e-01
9.571306717635150729e-01
9.577479802024135846e-01
9.583609862888090580e-01
9.589697141043215245e-01
9.595741876861118014e-01
9.601744310254086701e-01
9.607704680660645868e-01
9.613623227031394824e-01
9.619500187815116510e-01
9.625335800945195031e-01
9.631130303826270778e-01
9.636883933321193085e-01
9.642596925738241564e-01
9.648269516818602787e-01
9.653901941724125635e-01
9.659494435025332004e-01
9.665047230689689517e-01
9.670560562070139587e-01
9.676034661893884170e-01
9.681469762251423417e-01
9.686866094585832032e-01
9.692223889682309856e-01
9.697543377657933394e-01
9.702824787951698227e-01
9.708068349314760148e-01
9.713274289800929440e-01
9.718442836757399395e-01
9.723574216815704663e-01
9.728668655882898308e-01
9.733726379132970896e-01
9.738747610998471638e-01
9.743732575162372678e-01
9.748681494550130999e-01
9.753594591321977925e-01
9.758472086865410677e-01
9.763314201787905988e-01
9.768121155909826880e-01
9.772893168257544838e-01
9.777630457056760704e-01
9.782333239726014318e-01
9.787001732870413973e-01
9.791636152275536853e-01
9.796236712901530419e-01
9.800803628877406970e-01
9.805337113495515844e-01
9.809837379206204355e-01
9.814304637612665250e-01
9.818739099465948472e-01
9.823140974660170555e-01
9.827510472227873883e-01
9.831847800335575815e-01
9.836153166279484328e-01
9.840426776481369098e-01
9.844668836484614660e-01
9.848879550950412343e-01
9.853059123654142049e-01
9.857207757481881716e-01
9.861325654427088860e-01
9.865413015587432000e-01
9.869470041161766405e-01
9.873496930447268616e-01
9.877493881836706402e-01
9.881461092815856384e-01
9.885398759961062654e-01
9.889307078936936390e-01
9.893186244494188708e-01
9.897036450467601165e-01
9.900857889774128395e-01
9.904650754411128410e-01
9.908415235454726133e-01
9.912151523058295721e-01
9.915859806451076119e-01
9.919540273936899855e-01
9.923193112893050616e-01
9.926818509769228527e-01
9.930416650086645314e-01
9.933987718437211623e-01
9.937531898482860893e-01
9.941049372954969821e-01
9.944540323653886515e-01
9.948004931448566346e-01
9.951443376276319919e-01
9.954855837142647657e-01
9.958242492121188727e-01
9.961603518353763231e-01
9.964939092050513203e-01
9.968249388490135754e-01
9.971534582020209481e-01
9.974794846057615239e-01
9.978030353089045734e-01
9.981241274671608377e-01
9.984427781433498073e-01
9.987590043074772161e-01
9.990728228368200847e-01
9.993842505160207557e-01
9.996933040371863699e-01
1.000000000000000000e+00
